ABC; 155,154;
ABCREC; 155,154;
ABILITY; 213,198,183,178,111,97,96,31,14;
ABLE; 35,14,199,196,153,122,83,82,74,61,57,46,40,39,36,31,17;
ABOUT; 155,147,88,84,64,13;
ABOVE; 198,197,181,175,166,148,94,88,72,64,60,57,35,18;
ACCCOUNT; 204;
ACCEPT; 199,166,144;
ACCEPTED; 58;
ACCESS; 178,213,173,168,85,84,73,192,186,130,61,60;
ACCESSED; 185;
ACCESSIBLE; 60;
ACCORDINGLY; 116,8;
ACCOUNT; 77,166,83,107,85,155,154,156,153,64,206,180,86,213,182,169,128,50,46,35,205,204,203,181,170,165,151,141,122,110,109,108,105,84,55,43,39,31,17,10,9;
ACCOUNTING; 170,64,46,39,35,17;
ACCOUNTS; 50,9,83,180,170,155,141,77,67,39,17;
ACCURATE; 98;
ACH; 166,169,213,85;
ACOUNT; 203;
ACROSS; 23,18,8;
ACTING; 69;
ACTION; 27,26,192,113,79,25;
ACTIONS; 26,29,137,178,148,97,96,56,192,156,142,141,115,113,110,93,91,27,25;
ACTIVATE; 83,166,148,86,76;
ACTIVATED; 43,169,166,57;
ACTIVATING; 86,85;
ACTIVATION; 43;
ACTIVE; 131,46,213,188,100,91,90,61,60,44,19;
ACTIVELY; 82;
ACTIVITIES; 213,123,5;
ACTIVITY; 106,54;
ACTUAL; 122;
ACTUALLY; 57;
ADD; 170,213,42,137,133,91,68,43,17,189,174,173,141,140,132,108,105,71,69,55,52,50,39,8,207,206,197,196,175,168,134,115,97,96,85,72,30,22,21,3,212,210,204,198,187,180,166,155,136,135,109,106,92,63,58,57,45,32,31,18;
ADD-ON; 19,170,36,213,153;
ADD-ONS; 22,19;
ADD-ONTYPE; 19;
ADDED; 213,21,9,206,172,170,141,140,106,96,93,92,69,68,67,49,30,22,19;
ADDING; 170,21,197,191,189,174,173,168,71,52,19,17,187,132,93,68,50,39,9,3,209,198,178,136,135,134,133,130,97,92,91,12,11,6;
ADDITION; 77,69,14;
ADDITIONAL; 156,60,46,43,39,35,17;
ADDITIONALLY; 106,83,64;
ADDITIONS; 77;
ADDRESS; 88,64,68,194,155,154,173,50,213,178,175,156,147,140,85,67,9,8;
ADDRESSES; 26,178,156,93,213,88,68;
ADDS; 199;
ADJUST; 137;
ADJUSTED; 213,116,107;
ADJUSTMENT; 137;
ADMIN; 167,180,178,196,181,173,172,170,169,168,155,154,93;
ADMINISTRATIVE; 11,195,122,61;
ADMINISTRATOR; 93;
ADMINISTRATORS; 88,3;
ADULT; 170;
ADVANCE; 47,42;
ADVANCED; 170,172,84,49,67,25,6,213,175,82,72,52,194,184,174,156,153,81,71,69,36,19;
ADVANTAGE; 69,64,55;
AFFILIATED; 206,205,204,203;
AFFORDED; 13;
AFTER; 166,55,147,146,96,74,200,179,170,144,139,132,97,69,65,57,44,25,19,18,9;
AGAIN; 156,149,146,144,141,140,109,51,41,20;
AGAINST; 109,108,10;
AGE; 35,46,17,34,153;
AGES; 153,34;
AGREE; 155,86;
AGREEMENT; 74;
AGREEMENTS; 144;
AHEAD; 53;
AKA; 194;
ALBUM; 53;
ALBUMS; 53;
ALERT; 83,166,12;
ALERTS; 169,68,88,83,166,93;
ALL; 26,103,91,96,12,6,213,178,174,153,71,52,27,13,181,179,170,147,113,94,41,5,188,175,172,155,131,128,120,118,106,101,100,98,93,72,69,54,51,49,29,20,19,17,16,8,206,195,189,177,176,173,158,156,154,144,141,140,139,127,123,121,115,105,97,90,83,78,67,65,64,56,55,53,47,44,39,38,32,25,24,22,9,2;
ALLDATES; 58;
ALLOW; 35,213,194,178,173,170,51,41,20,17,181,156,148,147,144,138,134,125,115,112,109,108,76,74,64,61,52,46,40,39,19,10,6;
ALLOWED; 40,81,46,61,39,35,213,178,113,110,57,51,42,41,20;
ALLOWING; 146,206,205,204,203,201,199,178,173,145,83,53;
ALLOWS; 191,170,85,13,213,206,205,204,203,201,200,194,185,181,180,179,175,174,173,169,166,153,141,129,114,113,108,105,77,72,71,60,56,53,52,46,43,39,18,17,10;
ALMOST; 154;
ALONG; 170,121,111;
ALPHABETIZED; 24;
ALPHANUMERIC; 151;
ALREADY; 22,179,138,134,55,51,43,41,20;
ALSO; 178,52,186,170,166,141,140,106,70,212,200,195,174,172,132,128,105,97,96,94,93,90,71,61,57,44,18,17,16,13,12,5;
ALT; 200,68;
ALTERNATE; 88,156,73;
ALTERNATIVELY; 55;
ALTHOUGH; 108;
ALWAYS; 147,14,91,39,17,8;
AMOUNT; 118,122,107,78,128,108,77,65,46,36,19,213,141,126,106,64,55,50,40,22,8;
AMOUNTS; 118,115,57,122,107,106,22;
AN; 115,166,83,13,140,141,135,46,42,213,203,197,194,181,175,153,137,136,126,114,110,107,106,97,93,91,82,75,73,72,69,53,39,23,21,18,17,14,212,210,207,206,201,200,189,177,174,172,170,165,134,132,130,128,125,118,116,112,111,100,96,92,90,78,71,70,68,64,56,55,52,43,38,36,35,31,26,24,10,9,8,2;
AND; 213,39,170,8,178,17,68,189,156,91,58,57,53,50,13,206,154,106,3,155,197,147,144,142,84,55,14,12,5,198,146,123,96,60,26,166,153,141,132,122,107,103,97,77,70,61,44,43,18,205,203,173,140,134,126,109,85,83,64,62,9,204,195,115,113,92,88,56,46,28,207,201,188,148,145,105,101,82,76,65,35,25,211,210,209,200,179,176,175,172,161,149,139,129,111,108,98,95,94,80,79,74,73,72,69,48,32,30,22,19,15,6,2,199,196,191,190,187,182,180,177,158,137,135,133,130,128,127,121,120,118,116,110,104,100,86,75,71,67,54,40,212,194,192,186,185,183,181,174,169,138,136,125,114,112,93,81,78,63,52,51,47,45,42,38,36,31,24,23,16,10;
ANNOUNCEMENT; 197,207,200;
ANNOUNCEMENTS; 197,212,200,195;
ANNUAL; 40;
ANOTHER; 8,113,79,109,108,80,137,91,76,75,74,61,23,18,3;
ANSWER; 35,154,22;
ANSWERED; 23;
ANSWERS; 35,23,28,26,8,2;
ANY; 6,96,174,166,77,71,205,172,141,140,131,113,106,52,49,22,13,5,213,206,204,203,200,198,188,183,180,175,173,156,155,154,129,127,115,110,101,97,90,88,82,81,72,46,44,40,39,38,35,27,26,25,23,17,16,10,8;
ANYONE; 203,67;
ANYTHING; 97,3;
ANYWHERE; 147;
API; 155,166;
APPEAR; 100,91,144,96,64,35,17,189,98,88,46,26,175,166,155,154,139,113,97,81,72,69,68,58,53,47,36,23,19,18,16;
APPEARS; 200,177,176,155,40,39,19;
APPEND; 18;
APPENDING; 18;
APPENDIX; 193,150,117,99,87,63,45,33;
APPLICABLE; 57,8,213,111,107,88,68,41,40,39,19,3;
APPLICATION; 213,144,166,147;
APPLIED; 179,180,107,77,14,12;
APPLIES; 170,64,57,50;
APPLY; 141,140,107,172,156,14,6,174,142,131,110,103,71,57,52,25,23,18,9;
APPROPRAITE; 136;
APPROPRIATE; 50,44,39,28,12,8,213,200,189,187,132,111,75,68,60,57,29,19,17,9;
APPROPRIATELY; 208,166;
APPROVAL; 83,139,169;
APPROVE; 83;
APPROVED; 83;
ARCHIVE; 82;
ARCHIVED; 82;
ARCHIVING; 82,173;
ARE; 178,39,17,170,58,213,189,26,155,153,130,109,101,91,77,65,57,23,10,201,199,195,166,136,120,113,108,105,100,96,94,83,64,53,51,46,41,35,20,13,12,206,194,192,187,185,184,181,180,168,154,140,134,131,111,104,103,98,97,84,82,73,70,69,67,60,50,47,43,40,36,19,18,14,5;
AROUND; 213,46,35,13;
ARROW; 203,197,198;
AS; 26,178,69,153,88,39,64,70,60,58,53,46,35,17,14,8,213,208,200,199,168,155,146,109,94,93,83,68,65,61,56,43,31,23,18,13,5,201,198,197,196,195,186,180,179,175,170,156,147,141,140,134,133,127,126,123,120,118,115,113,106,105,104,100,91,84,82,76,72,67,57,55,40,32,10;
ASBCC; 178;
ASK; 83;
ASKED; 35,7,155,107,97,23;
ASKING; 17;
ASPX; 147,144;
ASSESSMENTS; 51,41,20;
ASSIGN; 94,17,39,70,58,9,191,132,126,105,96,93,68,57,50,46,35,18,12;
ASSIGNED; 178,170,94,88,46,173,155,118,93,70,64,60,36,35,213,196,151,106,91,51,47,41,39,34,20,19;
ASSIGNING; 94,191,51,41,20,93,70,92,68,58,13;
ASSIGNMENTS; 177,176,173,92;
ASSIST; 210;
ASSISTANT; 142,139,186,168,134;
ASSOCIATE; 50,13,168;
ASSOCIATED; 64,151,123,65,46,35,122,106,57,47,41,18;
ASSOCIATES; 142;
ASSOCIATING; 53;
ASTO; 178;
AT; 134,96,135,97,191,138,207,166,144,139,101,60,51,41,35,20,17,5,213,201,200,199,198,197,189,186,181,178,173,165,156,155,148,147,146,130,129,122,116,109,106,86,84,82,81,80,79,61,58,55,54,53,44,39,30,23,22,19,16,13,10,9,6,3;
ATTACH; 175,72,170,12;
ATTACHED; 13,175,172,170,72;
ATTACHING; 175,72,170;
ATTEMPT; 8;
ATTEMPTED; 127;
ATTENDANCE; 32,26,158;
ATTENDANT; 60,168;
ATTENDED; 60,168,32;
ATTENDEES; 32;
ATTENTION; 79;
ATTRIBUTES; 39,17,8,132,106,91,68,64,55,50;
AUTHORITY; 142;
AUTHORIZE; 166,86,85,109,84,213,142,122,114,108;
AUTHORIZED; 134,57,23;
AUTO; 147,146,42,213,47,149,148,145,96;
AUTO-ASSIGNED; 88,70;
AUTO-CREDIT; 141,122;
AUTO-FILL; 23;
AUTO-PAYMENT; 127;
AUTO-PAYMENTS; 127;
AUTO-POPULATED; 23;
AUTO-RENEWAL; 166;
AUTO-RENEWALS; 126,213;
AUTO-SCHEDULED; 114;
AUTO-SCHEDULING; 96;
AUTOFILL; 140;
AUTOFILLED; 175,173,93,72;
AUTOMATED; 166;
AUTOMATIC; 96;
AUTOMATICALLY; 96,70,22,213,179,147,146,115,109,97,86,77,44,43,42,30,14;
AUTOPAY; 47,115,42;
AUTORUN; 144;
AVAILABILITY; 57,213;
AVAILABLE; 135,35,213,170,169,139,137,130,96,58,57,46,43,39,17,195,178,168,133,131,108,97,93,82,75,47,23,21,10;
AVOID; 68,58;
AWARENESS; 12;
AWAY; 98,97;
