FACEBOOK; 160,152;
FACILITATE; 20;
FACILITIES; 129,40,52,46,39,80,79,5,3,45,38,37,12,6,84,44,43,141,100,69,42,41,17;
FACILITY; 52,39,129,43,42,5,38,53,44,41,40,6,121,46,45,50,80,79,48,47,17,151,84,58,49,152,150,149,104,98,89,88,87,71,55,27,16,12,3;
FACILITY'S; 52,80,79,43;
FACILITYADDRESSLINE1; 46;
FACILITYADDRESSLINE2; 46;
FACILITYCITY; 46;
FACILITYNAME; 46;
FACILITYSTATE; 46;
FACILITYZIP; 46;
FACILTY; 6,5;
FACING; 48;
FACITIES; 5;
FACLITIES; 6;
FAMILY; 57,32,8,55,89,71,68,35,30,21,20;
FAQ; 13,134,129,60;
FAQS; 11,10,9,8,92;
FAR; 153;
FEATURE; 138,69,68,45,13,12;
FEATURES; 5,140,132,49;
FEE; 27,35,53,16,43,129,48,30,45,39,36,32,31,52,19;
FEES; 30,16,45,53,52,35,27,8;
FEMALE; 35,27;
FEW; 96,67,66,49,48,22;
FIELD; 79,152,151,150,149,136,135,107,88,80,46,41,15,8;
FIELDS; 132,114,94,83,71,53,52,36,35,27,26,102,73,39,31,21,16,15,12,103,89,86,80,79,76,74,56,43,30,22,20,19;
FILE; 13,144,134,60,160,131,159,155,146,110,62;
FILENAME; 144;
FILES; 13;
FILING; 13;
FILL; 79,48;
FILLS; 49;
FILTER; 131,105,38,136,135,102,80,76,44,15,12;
FILTERED; 129,15,136,135,111,110,102,40;
FILTERING; 6,12,116,102,40,15,13;
FILTERS; 6,129,40,12;
FINAL; 145;
FINANCE; 129;
FINANCIAL; 129,100;
FIND; 2,111,88,33,12,3;
FINDING; 44;
FINE; 13,10;
FINISHED; 62,118;
FIRST; 99,80,79,74,71,150,138,132,110,109,107,106,96,92,84,76,75,67,66,58,56,49,48,32,26,22,18;
FIT; 129;
FIXED; 17;
FLAT; 63;
FLAVORS; 27;
FLEXIBILITY; 12;
FLICKR; 150,149,147,52,41;
FLICKRIT; 150;
FLOW; 69,31,3;
FLYER; 159;
FLYERS; 159;
FOCUSED; 5;
FOLLOW; 150,155,154,153,152,151,149,144,134,88,62,61,60,33;
FOLLOWING; 155,140,129,44,32,22,20,13;
FOLLOWS; 150,145,45;
FOR; 27,16,45,30,35,52,129,105,103,94,81,48,43,32,19,12,10,92,91,89,80,39,20,112,98,88,77,71,58,57,46,13,9,153,152,150,136,132,111,107,106,99,79,76,74,69,55,49,31,6,3,160,151,149,144,138,135,114,110,102,86,64,63,42,41,24,17,15,5,161,155,154,147,145,142,134,133,131,128,120,117,101,100,97,96,83,75,73,68,67,66,65,62,61,60,59,56,53,51,50,44,40,38,36,34,23,22,21,18,11;
FORGET; 51,34;
FORM; 155,27,159,120,75,58,49,48,35,21,20;
FORMAT; 155,56;
FORMATTED; 8;
FORMS; 155,161,159,8;
FORWARD; 145;
FOUND; 57;
FOUR; 27;
FRAMEWORK; 129,12;
FRED’S; 43;
FREE; 27,153,152,151,149,147,75,41;
FREQUENTLY; 7;
FRIDAY; 45;
FROM; 150,129,107,75,74,39,153,117,102,77,76,48,16,8,148,105,103,92,56,33,22,19,147,134,128,118,112,111,110,109,106,91,89,88,73,68,67,66,60,49,44,43,41,32,30,20,17,15,157,156,155,154,152,151,149,146,144,140,133,132,131,127,116,108,104,98,90,87,84,80,79,71,65,61,59,46,42,40,31,29,27,23,21,18,13,9,5;
FRONT; 48,49;
FRUIT; 101;
FTDF0A; 117;
FULL; 98,94,21,90,147,128,89,68,41,31,23,22;
FULL-DAY; 53,45;
FULLY; 21;
FUN; 101,3;
FUNCAPTCHA; 150;
FUND; 88;
FURTHER; 129,27,20,16,12,10,2;
FUTURE; 15,138,132,73,65,33,29;
