OAKRIDGE; 194,185,152;
OCCUR; 176,18;
OCCURRENCE; 57;
OCCURRENCES; 56,100,69,18;
ODD; 100;
ODDS; 221;
OF; 26,221,35,68,47,40,146,100,17,197,39,145,110,23,92,69,158,139,130,119,104,95,81,19,214,177,156,113,101,56,54,52,45,43,41,36,20,8,206,202,187,173,161,160,142,138,74,51,42,18,13,12,3,211,208,199,162,149,144,141,136,135,133,122,112,111,109,86,84,83,79,73,72,71,62,61,58,57,32,25,14,5,220,218,213,212,209,196,191,188,184,183,134,127,124,117,94,87,59,48,44,38,24,22,16,10,6,219,217,216,207,205,203,195,194,190,186,185,182,180,179,172,170,164,159,152,140,137,132,126,120,118,115,108,107,102,98,97,96,90,89,82,80,78,76,63,53,50,34,31,30,27,21;
OFF; 6,162,104,98,52,41,39,36,20,19,5,221,202,196,182,181,179,173,153,144,105,100,76,75,74,63,53,50,47,42,32,22,17;
OFFERED; 203,189;
OFFERING; 57;
OFFERINGS; 177;
OFFERS; 189,129,116,14,5;
OFFICE; 14;
OFFICIAL; 149,92;
OFFICIALLY; 161;
OFTEN; 130,119,214,100,74,35,17;
OK; 152,151,18,161,145,117,113,112,111,110,109,86,85,28,14,8;
OLD; 206;
OLDER; 221,158,112,10;
ON; 221,100,17,95,8,197,127,39,146,101,214,149,145,130,110,104,35,26,173,139,13,177,47,211,208,206,68,51,44,43,29,14,187,180,160,152,144,138,120,98,97,96,72,58,56,213,185,182,179,136,122,119,76,61,19,18,205,198,161,159,154,141,137,126,117,111,109,102,89,85,83,64,62,59,54,40,36,31,25,22,21,12,6,5,212,207,195,191,186,183,181,162,153,151,148,147,142,114,107,92,90,87,86,84,81,80,79,77,75,73,69,53,45,32,30,28,23,16,217,216,215,203,202,194,184,176,175,170,164,156,140,133,132,131,124,118,115,112,108,105,94,88,82,74,66,65,52,50,42,41,34,24,20,9;
ONCE; 162,161,197,173,149,120,115,96,35,8,208,204,200,199,189,187,185,158,150,146,145,126,114,112,109,108,100,98,87,72,64,61,52,47,44,41,40,31,30,27,26,25,22,20,19,18,17,9;
ONE; 139,13,19,8,221,202,130,92,36,16,10,6,5,196,177,172,162,153,144,143,135,117,112,100,98,94,84,74,73,72,63,61,58,57,42,35,22,18,17,14,3;
ONES; 197,158,136,95,74,72,51,39,17;
ONGOING; 47,39,187,43,40,38;
ONLINE; 58,35,87,43,47,17,221,39,185,128,114,85,199,176,115,214,207,189,180,92,52,41,36,20,9,203,129,118,116,19,12,8,2;
ONLY; 47,39,189,35,19,17,221,175,41,36,5,176,162,138,68,58,219,203,202,196,193,161,158,147,144,134,113,112,92,88,84,83,72,65,63,61,52,51,43,20,18,12;
ONTO; 215,73,35;
OPEN; 139,151,117,26,144,14,221,152,107,47,39,8,159,153,150,149,132,122,119,110,82,68,43,40,38,13;
OPENED; 221,47,35;
OPENING; 14,144,139,145;
OPENINGS; 34;
OPENS; 162,30,13,8;
OPERATING; 14;
OPERATION; 68,54,51;
OPERATIONS; 86,2;
OPPORTUNITY; 52,41,20,18;
OPPOSED; 145;
OPT; 187,114,111,97,39,19;
OPT-IN; 92,72;
OPTED; 97;
OPTED-IN; 26;
OPTIMAL; 216;
OPTIMIZATIONS; 221;
OPTING; 72;
OPTION; 189,221,130,129,119,116,100,42,173,26,202,142,89,162,111,13,216,208,177,170,161,158,151,145,126,112,109,101,90,62,61,56,54,40,25,17,14;
OPTIONAL; 156,142,139,69,56,39,17,191,186,180,151,138,98,92,74,72,47,42,36,35,22,18;
OPTIONALLY; 72,17,39,109,147,146,141,139,138,134,130,113,81,58,214,202,182,177,145,144,142,133,126,119,117,112,107,104,101,97,96,95,76,62,61,52,51,43,42,41,22,21,20;
OPTIONS; 100,105,89,221,88,119,101,48,179,158,71,69,50,25,202,185,173,162,130,112,42,36,214,213,197,190,189,118,113,111,108,107,57,47,45,43,19,14,5;
OR; 145,146,177,147,19,100,39,179,61,26,17,221,219,211,189,119,78,56,54,202,161,144,126,113,110,109,87,77,73,57,47,43,18,13,215,212,208,199,186,182,162,158,135,130,101,92,72,58,40,36,35,29,23,22,16,6,5,218,216,209,204,195,191,184,183,180,173,160,152,142,138,136,127,122,117,112,107,97,79,76,74,71,69,64,62,59,52,50,38,10,220,214,213,198,196,194,190,188,185,181,172,164,150,149,141,133,132,120,118,115,114,111,98,95,94,89,85,84,81,75,68,65,53,51,45,41,25,20,14,12,9,8;
ORDER; 221,218,173,172,146,143,139,119,117,102,101,74,62,61,36,30,19;
ORG; 8,160,159;
ORGANIZATION; 73,187,71,84,72,68,12,221,203,197,195,179,177,176,172,158,149,101,100,92,88,81,51,50,47,39,35,19,17,14,13,5;
ORGANIZATION'S; 177,207,191,170,59,2;
ORGANIZATIONNAME; 59;
ORGANIZATIONS; 73,86;
ORGANIZATIONS'S; 101,100;
ORGANIZATIONSHORTNAME; 152;
ORGANIZE; 211,177,68,47,35,12;
ORGANIZED; 73,71;
ORGANIZING; 73,209,72,71,54;
ORGNAME; 194,185;
ORIGINAL; 117,173;
ORIGINATING; 14;
OTHER; 100,68,213,180,101,205,203,202,197,177,152,146,133,117,113,110,94,73,62,58,56,42,18,13,5;
OTHERWISE; 149,41,17;
OUR; 172,35,3;
OUT; 41,52,20,207,173,152,143,139,122,107,92,62,61,26,3;
OUTBOUND; 162;
OUTLINED; 158,58,18;
OUTLOOK; 26;
OUTSIDE; 113,112,101,100,35,17;
OUTSTANDING; 221,120,119,82;
OVER; 9,221,212,87,8;
OVERDUE; 221,117,107,132,122,119,110,82;
OVERRIDDEN; 182,76,39,22,101,100,72,9;
OVERRIDE; 9,72,97;
OVERRIDEN; 43;
OVERVIEW; 5;
OVERWRITE; 18;
OWED; 82,132,221;
OWES; 82;
OWN; 173,177,89,88,59,5;
