T-SHIRT; 35,17,174,23;
T-SHIRTS; 108;
TAB; 187,8,126,216,181,180,173,170,99,95,63,44,43,17,210,209,191,185,184,182,177,176,174,172,167,159,158,157,152,150,149,145,132,129,125,124,123,116,109,106,100,97,96,88,86,83,82,70,58,55,54,49,42,32,31,30,25,24,22,19,9;
TABS; 216,187,213,182,11,109;
TAG; 174,12,178,52,207,204,74;
TAGGING; 178,74,52;
TAGS; 174,12,52,6,74,178,176,49,58;
TAHT; 18;
TAILORING; 12;
TAKE; 32,79,147,76,14;
TAKEN; 79,60,43,27,26;
TAKES; 213,185,106,100,99;
TAKING; 79,32,78,77,10;
TARGET; 46,35,8,150;
TARGETED; 156,34,39,17;
TASK; 152,147;
TASKBAR; 152;
TAX; 174,67,50,154,121,46,35,139,135,119,109,108,39,17;
TEAM; 97,95,99,96,182,180,101,100,217;
TEAMS; 97,95,96,182,99,100,94;
TECHNICAL; 190,182,150;
TELL; 214,158,73;
TEMPLATE; 58,129,217,118,67,47,50,42;
TEMPLATES; 58,129,217,42;
TEMPORARILY; 86;
TENDERED; 111;
TERMINA; 136;
TERMINAL; 142,143,141,174,151,144,133,172,154,146,132;
TERMINALS; 133,132;
TERMS; 190,182,158,89,46;
TEST; 151,159,152;
TESTING; 151,152,150;
TEXT; 26,201,198,182,96,71,204,8,216,91,60,35,217,211,183,159,66,61,45,39,23;
TEXT-DECORATION; 8;
TEXTAREA; 198;
TEXTBOX; 23,198,193;
TEXTING; 96,26;
THAN; 110,212,205,184,156,144,100,99,93,91,80,73,57,53,42,40,38,16,13;
THANKS; 215,158;
THAT; 46,193,67,57,86,99,97,26,23,10,217,180,174,150,133,116,112,111,100,91,51,43,41,39,20,16,13,204,202,181,178,176,161,147,142,139,137,113,107,93,84,82,81,80,74,73,62,60,55,52,50,35,22,17,12,9,8,212,199,198,192,191,187,185,184,182,177,158,157,149,148,143,140,138,135,131,130,126,123,121,119,110,108,104,95,94,85,83,79,77,76,72,71,70,58,53,49,47,44,42,40,38,36,32,30,24,19,14;
THAT'S; 202,83,82,74,53;
THAT’S; 211;
THE; 8,99,35,94,17,193,174,144,43,39,147,55,121,143,110,126,109,100,60,210,137,135,118,46,44,150,22,204,158,202,170,159,142,96,67,18,125,108,26,40,217,207,129,112,23,185,145,140,113,97,80,19,9,50,209,157,139,95,61,57,42,41,201,82,71,58,30,25,14,212,182,154,101,85,84,83,77,72,53,51,20,12,208,176,149,138,119,116,32,211,179,88,75,13,156,111,103,93,86,62,49,16,192,177,152,151,91,73,70,56,10,5,190,189,184,106,54,47,215,214,203,183,181,148,134,123,114,79,63,36,29,195,187,180,173,107,104,89,38,28,21,6,216,199,194,191,167,136,78,76,31,24,198,131,130,124,68,65,52,34,27,205,200,172,146,141,133,132,81,74,64,2,213,188,186,178,161,117,87,3;
THEIR; 61,185,114,60,40,217,205,203,182,179,177,176,131,128,115,87,86,85,84,83,82,79,75,71,70,53,44,39,26,12,9;
THEM; 57,32,217,174,60,170,156,73,55,13,196,177,148,95,86,85,58,53,51,41,30,22,20,16,14,12,5;
THEME; 210;
THEMES; 210;
THEMSELVES; 61;
THEN; 174,147,182,129,125,110,26,8,112,97,44,28,210,201,194,185,170,157,152,150,149,132,118,109,108,99,55,25,22,18,14,211,204,203,193,184,183,179,177,176,173,167,161,151,144,143,139,137,135,124,116,113,107,104,100,96,95,75,74,73,67,62,58,57,56,54,52,51,50,42,41,39,35,32,31,30,24,21,20,17,12,9;
THER; 91;
THERE; 86,80,188,183,157,156,123,114,104,99,85,77,68,40,39,35,32,31,23,19,13,8,5;
THEREFORE; 150,94;
THERE’S; 204;
THERMAL; 150,147,146,217,151,148,152,142;
THESE; 174,53,205,213,182,129,126,109,57,18,17,12,10,193,187,170,158,157,156,152,150,145,134,132,116,111,108,99,67,58,44,39,38,35,27,26,25,23,14,8;
THEY; 182,203,217,60,51,41,20,156,86,70,35,199,177,170,158,147,118,114,96,91,85,84,72,61,40,21,17;
THEY'RE; 55,30,22;
THEY'VE; 51,41,20,9;
THINGS; 39,10,108,73,58,53,46,13,3;
THIRD; 206,205,53;
THIRD-PARTY; 210,209,208,207;
THIS; 35,46,39,91,67,41,57,103,51,20,17,174,110,47,26,118,109,94,42,147,144,129,111,50,36,185,154,143,125,80,60,14,12,8,187,139,97,88,73,55,43,29,19,18,13,212,209,204,184,183,177,176,159,158,156,150,138,135,116,112,108,96,86,82,72,68,61,40,21,10,217,202,201,200,199,181,180,179,178,157,149,146,141,137,134,126,124,123,106,104,99,95,93,85,84,78,76,75,74,71,66,54,53,52,45,44,22,16,9,5;
THOSE; 6,185,174,170,135,133,132,128,115,109,100,99,97,62,61,60,57,26,18,12,3;
THREE; 188,134,123;
THROUGH; 44,210,158,125,111,86,51,41,30,20,10;
THROUGHOUT; 86;
THUMBNAIL; 214,79;
THUMBNAILS; 215,214;
THURSDAY; 57;
TIE-IN; 174;
TIES; 31;
TIME; 99,57,100,68,40,195,55,51,41,39,20,18,17,217,198,159,95,73,43,42,35,9,185,167,142,137,124,119,118,104,85,84,72,60,44,23,13,6,5;
TIME-PERIOD; 40;
TIMES; 18,5,170,121,100,99,86,58;
TIPS; 210,209,208,207;
TITLE; 210,211,202,201,198,179,75;
TO; 217,174,8,35,97,99,17,182,46,39,198,41,51,20,144,118,60,159,96,57,210,143,110,94,26,9,179,158,145,75,44,14,202,195,156,113,100,83,72,71,170,116,111,109,91,86,40,18,12,209,193,178,147,140,136,135,129,77,67,42,19,207,204,201,150,137,95,80,74,61,52,28,13,208,187,177,112,84,82,79,58,53,43,36,6,190,183,176,157,149,138,125,121,88,73,55,50,23,21,3,214,203,199,185,142,139,114,104,85,76,32,31,22,2,215,211,205,180,119,108,101,49,47,30,5,212,200,173,172,167,151,133,126,117,106,103,87,70,54,216,213,192,189,186,184,181,169,154,148,146,141,134,128,124,115,89,68,63,62,56,25,10,196,191,161,152,132,130,123,107,93,81,78,66,65,64,45,38,34,29,27,16;
TO-DATE; 121;
TODAY; 93,38,16;
TODO; 66,45;
TOKENS; 58;
TOO; 204,60;
TOOLS; 210;
TOP; 211,193,149,78,77,22;
TOP-RIGHT; 8;
TOPIC; 66,45;
TOTAL; 121,131,129;
TOTALLY; 183;
TOTALS; 65,217,124;
TOTEAMS; 97;
TOUCH; 144,143,145;
TOUCHING; 145;
TOVIEW; 100;
TOWARDS; 39,17;
TOWN; 183,67,174,91;
TOWNS; 183;
TRACK; 12,154,135,144,140,132,111,35,31,17,10;
TRACKING; 31,217;
TRACKS; 5;
TRADITIONAL; 119,110,99;
TRAINING; 12;
TRANSACTION; 170,185,150,145,143;
TRANSACTIONS; 145,112,185,141,126,111,10;
TRANSFER; 8,140,217,83,82;
TRANSFERS; 217;
TRANSFORMED; 35;
TRIGGERING; 173;
TRIPLE; 99;
TRIPLE-TRACK; 10;
TROUBLESHOOTING; 152,151;
TRUE; 150;
TRUST; 14;
TRY; 152,89,3;
TSP; 146;
TSP100; 147,149,148,146;
TSP100IIU; 148;
TSP143; 149;
TUESDAY; 57;
TURN; 207,57;
TWITTER; 215;
TWO; 156,217,186,183,91,71,57,39,32,22,16,13;
TYPE; 217,174,46,36,179,88,75,39,13,192,191,159,150,72,51,41,20,19,211,126,112,68,67,47,43,42,35,26,23,8,210,176,170,158,145,142,124,118,109,108,70,60,55,50,49,30,25,22,17;
TYPED; 157;
TYPES; 174,13,191,39,19,193,179,75,46,36,217,158,67,57,50,35,17;
TYPICAL; 147;
TYPING; 73;
