ULTIMATE; 10;
ULTIMATE-FRISBEE; 10;
UN-ARCHIVED; 88;
UNATTENDED; 223;
UNAVAILABLE; 102;
UNBLOCK; 12;
UNCHECK; 210,204,153,94,74,49,12;
UNCHECKED; 223,45,34,217,33,15;
UNCHECKING; 17,38,37;
UNDER; 223,164,216,215,187,175,149,34,221,214,213,191,190,162,158,148,137,131,111,98,89,73,71,67,15;
UNDERLINE; 6;
UNDERLINES; 6;
UNDERSTAND; 92;
UNIQUE; 179,163,160,76,65;
UNIQUELY; 76;
UNIT; 160,126,140,112,111;
UNLESS; 33,12;
UNLIMITED; 38;
UNPAID; 223,123,122,109;
UNSET; 188;
UNSUCCESSFUL; 65,223;
UNSUSPEND; 87;
UNSUSPENDED; 87;
UNTIL; 115,216,208,143,102,100,71,33,17;
UNZIP; 153;
UP; 71,190,223,188,175,63,58,50,16,164,162,153,134,83,56,37,17,11,179,89,38,24,7,207,189,187,174,163,138,137,123,98,92,88,84,80,62,45,42,41,40,33,28,21,20,14,10,6,3;
UPDATE; 207,223,208,215,79,55,26,6,218,217,206,199,191,190,175,52,39,27,18,12;
UPDATED; 223,208,69,26;
UPDATES; 69;
UPDATING; 207,26,80,208,199,79,16;
UPLOAD; 11,208,220,214,213,210,206,204,184,179,78,54,6;
UPLOADED; 11,210;
UPLOADING; 208,223,220,211,54,11,6;
UPLOADS; 223,208;
UPON; 188,33;
UPPER; 215,223,216,210,56;
UPPERCASE; 223;
URL; 6,221,156;
URLS; 218;
US; 175,220,204,89,76,56;
US-BASED; 175;
USAGE; 51,167,223,67,59,57,56,55,33,15;
USB; 81,8;
USE; 223,196,164,156,102,70,55,52,39,18,11,10,208,191,182,179,175,163,162,97,94,91,82,76,74,59,56,46,38,21,3;
USED; 179,33,69,45,15,10,182,134,115,114,94,88,76,62,61,59,58,34,21,8;
USEFUL; 10,162,11;
USER; 178,204,94,61,7,177,175,119,223,218,211,209,206,156,153,148,138,112,89,87,54;
USER'S; 208;
USERS; 177,223,9,191,138,79,61,3;
USES; 80,79,10;
USING; 10,179,223,190,156,114,83,8,214,213,183,163,158,148,115,91,82,77,74,65,62,59,53,52,39,33,18,15,11,4;
USUALLY; 12,182,45,33;
UTILIZATION; 67,223;
UTILIZE; 91,90;
UTILIZES; 90,79;
UTILIZING; 91,90;
