PAGE; 80,8,178,173,160,107,100,96,64,46,20,17,175,159,149,143,118,115,114,109,108,87,81,79,71,66,58,51,50,41,31,16,177,176,172,171,162,161,150,119,106,95,94,93,92,89,86,85,83,82,72,70,63,57,35,33,30,22,19,12;
PAGES; 178,162;
PAID; 104,102,130,92,154,129;
PANE; 162,158;
PANEL; 166;
PARAMETERS; 152,132;
PARENT; 54,5,166,41;
PARKS; 131,130;
PART; 124,123,169,161,157,151,114,71,54,41,14;
PARTIAL; 108,96,106;
PARTICIPANTS; 22,151;
PARTICIPATED; 129;
PARTICULAR; 45,107,66,57,44,38,34,22,13;
PARTS; 8;
PARTY; 164,163,43;
PASS; 32,37,12;
PASSCODE; 47,178;
PASSES; 32,31;
PASSWORD; 130,151,9,146,131,77,158,122,51;
PAST; 16,104,79,30;
PASTE; 166,171,22,172,169,168,167,165,131,43;
PASTING; 168,167,166,165;
PATCH; 14;
PATCHES; 14;
PATRON; 124,123;
PATTERN; 143,18;
PAY; 154,111,101,100,96,99,94,68;
PAYER'S; 106;
PAYING; 154;
PAYMENT; 96,109,97,74,107,106,98,73,178,108,10,99,94,93,50,161,123,104,95,137,130,100,75,20;
PAYMENTS; 10,110,96,137,109,106,100,97,94,107,95,67,154,123,108,102,98,93,50;
PAYPAL; 108,98;
PDF; 22,8,175,134;
PENCIL; 167,160,159;
PENDING; 93,72,20;
PEOPLE; 20,37,3,57,51,50,47,38,34,28,23;
PER; 85,129,14,130,127,122,116,71,47,37,31;
PER-FILE; 14;
PERCENT; 166,87;
PERCENTAGE; 87;
PERFORM; 95,148,147,143,62,61,48,42,3;
PERFORMANCE; 155,129;
PERFORMED; 104,97,17,10;
PERFORMING; 59;
PERHAPS; 12;
PERIOD; 136,125,30,16,138,37,34,32,178,137,107,79,35,31;
PERMANENTLY; 109;
PERMISSION; 64;
PERMISSIONS; 165;
PERMIT; 48,54,46;
PERMITS; 48,46,178;
PERMITTING; 48,54,41;
PERSON; 146,32,8,150,149,178,104,50,151,95,69,68,31;
PERSON'S; 146;
PERSONNEL; 143,146,145,148,147,151,144,82,19,81,12,178,150,149,47,17;
PERSONS; 28;
PERSPECTIVE; 34;
PHONE; 77,58,57,22;
PHOTO; 166,163,43,165,66,172,169,63,54,167,61;
PHOTOBOOTH; 66;
PHOTOBUCKET; 54;
PHOTOS; 166,167,165,169,43,66,63,168,163,65,64,54;
PHOTOSTREAM; 166,165;
PHYSICAL; 13;
PHYSICALLY; 13;
PICASA; 169,166,163,54,43;
PICASAWEB; 166,169;
PICK; 28,21,18;
PICTURE; 177,63;
PICTURES; 166,162,168,165,54;
PIXELS; 170,171;
PLACE; 143,81,157,154,147,98,77,61,48,42,25;
PLACED; 176,123,8;
PLACEHOLDER; 66;
PLACEMENT; 175,132;
PLACING; 22;
PLAN; 143,130,67;
PLATFORMS; 98;
PLAY; 85;
PLAYED; 87,85;
PLAYER; 83;
PLAYERS; 83,81,80;
PLAYS; 85;
PLEASE; 73,68,14,175,160,151,121,117,108,74,2;
PLUG; 65;
PLUG-IN; 63;
PLUGGED; 10;
PLUS; 65,130,104,45,22,14,8;
PNG; 176;
POINT; 116,45,20,5;
POINT-OF-SALE; 113,124,121,119,112;
POLICIES; 13;
POLICY; 14,13,12;
POOL; 31,37;
POP-UP; 22,48;
POPULAR; 163,43;
PORT; 65,10;
PORTAL; 28,17,157,80,54,37,31,89,34,167,160,43,41,173,168,166,165,159,143,100,86,85,77,47,32,177,175,174,172,171,170,169,163,161,158,72,71,8;
PORTAL'S; 17;
POS; 122,125,113,112,121,123,116,156,124,119,118,117;
POSITION; 66;
POSITIONED; 65;
POSSIBILITIES; 13;
POSSIBLE; 173,28,21;
POST; 168,162,176;
POSTAL; 77,58;
POSTING; 175;
POSTINGS; 175;
POWER; 129;
POWERFUL; 13;
PRACTICE; 3;
PRE-FILL; 22,21;
PRECEDES; 34;
PREFER; 3;
PREFILLED; 115;
PREREGISTRATION; 17;
PREREQUISITES; 171,115,82,41,34,31,19,17;
PRESELECTED; 45;
PRESENT; 98,93;
PRESENTED; 50,45,18;
PRESS; 50,171,124,123;
PRESSES; 51;
PREVENT; 70,178;
PREVIOUS; 21,85,79,30,18,16;
PREVIOUSLY; 150,149,21;
PRICE; 104,127,115,95,94;
PRICING; 129;
PRIMARY; 54,5,146,132,41,71;
PRINT; 22,178,46,80,48,134,125,123,85,3;
PRINTDATE; 48;
PRINTED; 22,125;
PRINTING; 22,48;
PRINTTIME; 48;
PRIOR; 161,98,90,74,72;
PRIVACY; 64,45;
PRIVATE; 45,178,77,58;
PROBABLY; 37,31;
PROCEED; 166,50,169,108,100,64;
PROCESS; 124,94,108,161,121,117,109,72,60,50,35,23,20,10;
PROCESSED; 108,97,95,23,21,10;
PROCESSING; 98,97,93,73,31,17,10;
PROCESSOR; 98;
PRODUCT; 169;
PROFILE; 71,70,100,67,60,59,57,178,145,69,68,58,45,22,20,13,9;
PROFILES; 152,148,62,143,72,71,70,68,61;
PROFIT; 24;
PROGRAM; 17,28,8,16,150,18,20,50,27,22,24,143,134,37,25,23,151,129,93,89,80,31,21,178,157,142,136,108,95,94,77,72,57,52,19,5;
PROGRAM'S; 27;
PROGRAMS; 143,16,20,17,3,151,19,134,72,50,15,70,44,28,21,178,157,154,150,111,101,89,80,77,37,24,23,8,5;
PROMPT; 64;
PROMPTED; 97,122,66,64,63;
PROMPTS; 148,64,63,62;
PROPERLY; 178,132;
PROPERTIES; 14;
PROSPECTIVE; 23,17;
PROTECTED; 14;
PROVIDE; 163,43,161,32;
PROVIDED; 109,173,125,54;
PROVIDER; 130;
PROVIDES; 169,65,43,21,12;
PROVINCE; 77,146,58;
PUBLIC; 99,47,45,37,34,31,28,17,169,166,165,157,86,85,51,50;
PULL; 166,35;
PUNCH; 32,37,31;
PUNCHES; 32,37,31;
PURCHASE; 153,67;
PURPOSE; 158,143,77,71,67,55,32;
PURPOSES; 143,108,60,31,24,17;
PUT; 8,22,77,13,9;
PUTS; 83;
