MADE; 38,120,86,83,69,65,47;
MAIL-IN; 26,12;
MAILCHIMP; 108;
MAIN; 129,15;
MAINTAIN; 134,121,62;
MAINTAINED; 62;
MAKE; 83,138,77,68,47,23,31,12,143,139,135,73,70,63,40,26,14,3;
MAKES; 121,53,52,47,31,23;
MAKING; 83,86,82,59,48,41;
MALE; 31,23;
MANAGE; 99,59,97,93,92;
MANAGEMENT; 99,108,97,93;
MANAGING; 23,121,47,31,97,106,99,98,127,101,96,93,54,35,26,12,3,2;
MANDRILL; 109,108,128,110;
MANDRILL'S; 109;
MANNER; 71,40;
MANUAL; 74,53;
MANUALLY; 59,73,53,129,99,86,74,63,44;
MANY; 119,108,62,41,16;
MARGIN; 149;
MARK; 20;
MARKED; 38,88,52,17;
MARKETING; 107,108;
MASTER; 4,77,68,41,39,37,23,13,12;
MAXIMUM; 23,31,12,26,146,22,18;
MAY; 26,12,82,68,31,13,7,145,131,109,74,71,69,65,63,56,40,38,29,23;
ME; 28;
MEANS; 47;
MEDICAL; 65;
MEET; 129;
MEMBER; 7,53,51,65,61,62,44,60,52,50,54,29,17,59,58,55,43,28,121,117,48,27,6,38,26,127,123,110,108,103,102,88,84,83,70,63,57,56,45,39,15,4;
MEMBER'S; 65,51,18,7,63,62,54,52;
MEMBERADDRESSLINE1; 41;
MEMBERADDRESSLINE2; 41;
MEMBERCITY; 41;
MEMBERHOMEPHONE; 41;
MEMBERMOBILEPHONE; 41;
MEMBERNAME; 41;
MEMBERS; 52,29,54,51,50,27,62,121,63,60,53,49,44,32,31,110,108,43,28,26,23,12,126,84,65,40,20,16,7,3;
MEMBERSHIP; 26,31,28,29,32,27,25,121,3,86,82,81,65,50,45,23,12;
MEMBERSHIPS; 28,29,25,81,26,24,44,43,31,129,90,27,23,12,8,3;
MEMBERSTATE; 41;
MEMBERZIP; 41;
MENU; 129,141,120,119,39;
MERCHANT; 8;
MERGE; 60,7;
MERGED; 60,61;
MERGING; 60,7;
MESSAGE; 144,109,103,90,83,78,73,70,17;
MESSAGES; 17,109;
METHOD; 8,103,90,126,102,83,55;
METHODS; 8;
MICROSOFT; 57,55;
MICROSOFT'S; 56;
MIDDLE; 65,51;
MIGHT; 23,121,16,108,47,40,31,12;
MINIMUM; 23,31,12;
MINUTES; 78;
MISCELLANEOUS; 82,65;
MISTAKE; 3;
MOBILE; 65,51,8;
MODE; 6,17,44,102,103,74,71,43,7;
MODES; 88;
MODIFIED; 121,86,84;
MODIFY; 97,95,69,68,51,35,26,12;
MODIFYING; 95,51,35,26,12,3,41,99,93,74,73,68,53,43,28;
MONDAY; 40;
MONEY; 114,87,8,89,88,80;
MONITOR; 63,57;
MONTH; 26;
MONTHLY; 73,4,48,38,13;
MONTHS; 108,38,31;
MORE; 143,27,3,144,136,109,108,65,63,48,47,40,36,16,15,12,4;
MOST; 73,136,57,53,36,23,12,8;
MOVE; 61,20,7;
MOVED; 7;
MOVING; 61,134,7;
MUCH; 136,40,36;
MULTI; 113;
MULTI-DAY; 41;
MULTI-LINE; 23,16;
MULTI-PURPOSE; 47;
MULTIPLE; 39,150,148,52,47,40,28,16;
MUST; 16,40,23,12,134,110,109,90,75,74,63,62,53,50,44,43,28;
MY; 141,138;
