ICON; 110,103,102,86;
ID; 51,59,41,49,42,29,22,7,81,45,101,79,48,37;
IDENTIFYING; 51;
IDS; 51,49;
IES; 13;
IF; 36,22,41,25,12,108,66,76,57,42,33,29,13,104,98,83,71,52,51,49,26,21,14,3,114,113,112,111,110,105,99,86,85,70,67,62,56,55,53,46,45,38,17,15,8,7,2;
IMAGE; 105,117,114,112,111,110,116,109,108,45,34;
IMAGES; 117,105;
IMMEDIATELY; 100,87,11;
IMPACT; 85,25,12;
IMPLEMENT; 51;
IMPLEMENTED; 29,22;
IMPORTANT; 112,111,110,109,108;
IN; 41,22,112,101,43,42,108,85,111,87,51,34,110,109,105,79,75,67,56,29,14,12,106,103,97,86,68,63,48,38,25,16,15,114,113,102,100,98,83,81,77,76,66,64,62,50,49,45,36,17,11,8,3,117,116,73,71,70,59,54,52,39,35,13,4;
IN-HOUSE; 12,25,38,7;
INCIDENTAL; 75,8;
INCLUDE; 56,112,111,110,109,108,106,48,34;
INCLUDED; 59,56;
INCLUDES; 16,73,29,25;
INCLUDING; 112,77,16,6;
INCREASES; 86;
INCREMENT; 51;
INDICATE; 87;
INDICATED; 64;
INDIVIDUAL; 110,112,67,59,41,39,108,106,105,83,57,51,50,45,34,16,15,14;
INDIVIDUALLY; 34;
INDIVIDUALS; 98,25,16,12;
INFO; 62,67,66,63,46;
INFORMATION; 16,77,49,22,15,12,117,100,89,59,45,29,6,2;
INFORMATIONAL; 29,22,85,45,25,12;
INFORMING; 57;
INHERIT; 45;
INITIAL; 59,104,66,49,25,13;
INITIALLY; 7;
INITIATE; 55,17;
INITIATED; 14,4;
INLINE; 11;
INPUT; 42,41;
INS; 43,31,22,12,41;
INSERT; 105,44,39,28;
INSERTED; 105,39;
INSERTING; 113,105,112,111,110,109,108;
INSTALL; 53,52;
INSTALLATION; 53;
INSTALLED; 53,52;
INSTALLER; 53;
INSTALLING; 53,52;
INSTANCE; 30,51,26,13;
INSTANCES; 106,34,13;
INSTEAD; 103;
INSTRUCTIONS; 108,106,53,34;
INSTRUCTOR; 22,12;
INTEGRATED; 8;
INTENDED; 85;
INTERFACE; 83;
INTERNAL; 8,59,82,81,79,70,62,45,29,22;
INTERNALLY; 29,22;
INTERVAL; 36;
INTO; 105,6,7,113,112,111,110,108,16,41,34,114,109,100,86,64,54,52,50,48,39,25,22,19,12,11;
INTUITIVE; 3;
INVOICE; 77,79,73,75,76,74,83,41;
INVOICES; 77,73,74,75,72,76;
IS; 22,29,45,36,38,85,59,57,56,51,41,25,108,79,6,114,112,109,102,100,83,66,63,34,16,15,12,8,111,110,105,104,103,99,98,87,70,67,62,53,52,49,46,42,33,26,14,7,4,3,113,97,76,71,61,43,39,35,27,17,13,11;
ISSUE; 83,77,6;
ISSUED; 83;
IT; 38,29,22,51,103,63,113,112,108,87,39,36,25,105,66,49,37,34,13,7,6,3,114,110,109,104,102,86,82,81,67,62,56,54,53,45,43,42,35,33,27,17,14,12,4;
IT'S; 109;
ITEM; 75,79,83,77,115;
ITEMS; 79,115,83,76,75;
ITS; 79,75,11,4;
