EACH; 85,8,47,162,136,33,32,22,188,163,124,123,119,118,116,111,104,94,67,54,34,12,5;
EASE; 59;
EASIER; 190,12;
EASILY; 161,160,156,142,71,62,61,57,42;
EASY; 9,3,142,129,60,59,35;
ECO; 134,132;
EDGE; 136;
EDIT; 8,22,86,85,52,95,35,159,112,87,80,70,46,9,190,184,183,175,172,171,169,167,166,145,144,143,125,123,121,104,92,90,83,81,74,71,59,58,45,41,31,24,18,17,3;
EDITED; 95,52;
EDITING; 95,159,52,46,156,112,99,82,19,183,164,102,96,92,60,48,35;
EDITOR; 175,172,145;
EFFECT; 47;
EFFECTIVELY; 12,160,61,42;
EITHER; 156,104,85,167,126,121,115,98,77,65,64,51,50,48,43,18,17,14;
ELIGIBLE; 28,25;
ELSEWHERE; 13;
EMAIL; 145,143,142,77,22,144,164,168,58,82,72,104,33,183,159,99,38,189,187,158,155,152,94,59,57,34,2;
EMAILED; 103;
EMAILING; 82,22;
EMAILINGS; 77;
EMAILS; 142,144,143,168,58,145,80,77,71,12;
EMBED; 180,181,178,179,183,184,182,185,177,43,176,54;
EMBEDDED; 43,181,176;
EMBEDDING; 176,181,43;
EMERGENCY; 77,58;
EMULATION; 10;
EN; 134;
ENABLE; 50,47,137,128,74,14;
ENABLED; 75,98;
ENABLING; 136,47,138,137,135;
ENCODED; 77,60,58;
END; 34,31,37,190,86,85,55,47,30,5,178,163,162,142,138,136,131,123,89,80,79,45,38,35,33,28,18,17;
ENDING; 89,18;
ENDS; 45,190,85,55;
ENFORCE; 28;
ENFORCED; 28,17;
ENHANCED; 190;
ENHANCEMENT; 190;
ENHANCEMENTS; 190;
ENROLEE'S; 31;
ENROLL; 38,34,33,31,167,114,104,101,70,3;
ENROLLED; 32,57,35;
ENROLLEE'S; 37;
ENROLLEMENT; 34;
ENROLLING; 33,190,70,37,3;
ENROLLMENT; 37,31,17,34,38,28,94,33,27,23;
ENROLLMENTS; 34,190,93;
ENROLLS; 34,32,31;
ENSUE; 185;
ENSURE; 168,142,59;
ENTER; 58,143,17,74,50,123,115,104,81,80,51,31,156,144,121,98,94,85,47,45,32,136,109,97,67,41,18,190,183,178,170,165,164,159,145,130,128,126,125,120,96,92,87,86,69,68,60,57,48,20,9;
ENTERED; 87,94,34,23,9;
ENTERING; 129,130,31,163,162,98,87,86,85,51,50,16;
ENTERS; 51;
ENTIRE; 181,96,86,130,129,107,95,46,45;
ENTITLED; 143;
ENTITY; 13;
ENTRIES; 22,165,54;
ENTRT; 58;
ENTRY; 8,98,22,60,59,21;
EOM-POS; 134,133,132;
EQUAL; 104,79,30,16;
EQUIPMENT; 97,10;
EQUIPPED; 123;
ERROR; 63;
ERRORS; 58;
ESSENTIALLY; 35;
ETC; 157,12,156,119,80,77,60,44,31,17,14;
EVEN; 142;
EVENT; 50;
EVENTS; 155,18;
EVER; 60;
EVERY; 115,104,45,85,60;
EVERYTHING; 145,118,97;
EXACTLY; 21,8;
EXAMPE; 37;
EXAMPLE; 12,28,21,188,165,164,136,115,107,104,54,47,45,43,37,31,17;
EXAMPLES; 156,142,119,12;
EXCEED; 185,142;
EXCEL; 14,22,164,190,147,142,57;
EXCEPTION; 190,31,17;
EXCEPTIONS; 45;
EXCLUDE; 128;
EXE; 136,64;
EXIST; 187,119;
EXISTING; 18,80,58,121,41,31,17,187,178,159,89,81,46;
EXISTS; 102,99,81,66;
EXIT; 51,136;
EXPECTED; 123;
EXPENSE; 24;
EXPENSES; 24;
EXPERIENCE; 176,136,43;
EXPERIMENT; 43;
EXPERTISE; 136;
EXPIRATION; 156,13,161,62,158,98,74;
EXPIRED; 35,13;
EXPIRES; 38;
EXPLAIN; 12;
EXPLAINS; 132;
EXPLICITLY; 74,47;
EXPLORER; 63,14,190,136,66;
EXPORT; 164,22;
EXPORTED; 22,147,57;
EXPORTING; 22;
EXPORTS; 190;
EXPRESS; 22;
EXTENSION; 77,58;
EXTENSIONS; 136;
EXTERNAL; 65,100;
EXTRACT; 133,147;
EXTRACTS; 147;
